298 .False.
#Refractive index of NH3[s] ice; Martonchik, Orton, & Appleby (1984), Applied Optics, 23(4), 541-547, doi:10.1364/AO.23.000541.
#
#
#Wavelength (micron) n  k
1.399992E-01    1.5480  5.504E-01
1.499993E-01    1.5220  5.897E-01
1.699986E-01    1.7390  6.683E-01
1.799986E-01    2.0820  6.589E-01
1.850002E-01    2.2510  2.944E-01
1.879982E-01    2.1430  1.257E-02
1.899985E-01    2.0100  1.210E-03
1.950002E-01    1.8700  7.759E-05
1.974997E-01    1.8230  3.143E-05
2.000000E-01    1.7920  1.592E-06
2.100002E-01    1.7070  1.671E-06
2.139999E-01    1.6770  1.703E-06
2.399981E-01    1.5820  1.910E-06
2.599969E-01    1.5440  2.069E-06
2.800022E-01    1.5170  2.228E-06
3.000030E-01    1.5050  2.387E-06
3.200000E-01    1.4880  2.546E-06
4.326513E-01    1.4490  2.109E-05
6.677038E-01    1.4230  3.963E-05
1.461988E+00    1.4080  5.817E-05
1.470588E+00    1.4080  8.192E-05
1.492537E+00    1.4070  1.306E-04
1.515152E+00    1.4070  2.653E-04
1.538462E+00    1.4070  2.693E-04
1.562500E+00    1.4080  1.368E-04
1.587302E+00    1.4070  6.316E-05
1.612903E+00    1.4070  1.155E-04
1.639344E+00    1.4060  2.218E-04
1.666667E+00    1.4060  1.857E-04
1.724138E+00    1.4050  6.860E-05
1.785714E+00    1.4050  7.105E-05
1.818182E+00    1.4040  1.157E-04
1.851852E+00    1.4040  1.474E-04
1.886792E+00    1.4030  2.402E-04
1.923077E+00    1.4020  4.438E-04
1.960784E+00    1.4010  4.213E-04
2.000000E+00    1.4000  6.207E-03
2.040816E+00    1.4040  1.137E-03
2.083333E+00    1.4020  3.979E-04
2.127660E+00    1.4010  3.386E-04
2.173913E+00    1.3990  3.287E-04
2.222222E+00    1.3940  1.768E-03
2.232143E+00    1.3900  4.085E-03
2.237136E+00    1.3930  1.620E-02
2.242152E+00    1.4030  1.303E-02
2.272727E+00    1.4030  2.170E-03
2.325581E+00    1.4000  1.536E-03
2.380952E+00    1.3980  5.305E-04
2.439024E+00    1.3960  5.046E-04
2.500000E+00    1.3930  4.974E-04
2.564103E+00    1.3910  8.162E-04
2.631579E+00    1.3870  1.047E-03
2.702703E+00    1.3820  1.398E-03
2.777778E+00    1.3720  1.105E-03
2.824859E+00    1.3610  5.395E-03
2.857143E+00    1.3510  4.547E-03
2.906977E+00    1.3130  6.940E-03
2.941176E+00    1.1770  9.596E-03
2.949853E+00    1.0240  4.695E-02
2.952727E+00    0.9510  1.569E-01
2.955694E+00    0.9220  2.668E-01
2.958580E+00    0.8500  3.767E-01
2.960332E+00    0.8320  6.049E-01
2.962085E+00    0.9480  8.331E-01
2.963841E+00    1.2670  1.061E+00
2.964984E+00    1.5160  9.280E-01
2.966215E+00    1.6340  7.946E-01
2.967359E+00    1.6780  6.612E-01
2.967976E+00    1.6820  6.141E-01
2.968504E+00    1.6810  5.669E-01
2.969121E+00    1.6220  5.198E-01
2.969386E+00    1.6330  5.592E-01
2.969738E+00    1.6260  5.987E-01
2.970003E+00    1.6380  6.381E-01
2.972033E+00    1.7820  5.044E-01
2.974155E+00    1.8210  3.706E-01
2.976190E+00    1.7890  2.368E-01
2.985075E+00    1.6470  6.651E-02
2.994012E+00    1.5510  5.242E-02
3.003003E+00    1.5110  5.018E-02
3.012048E+00    1.4890  5.034E-02
3.021148E+00    1.4760  5.289E-02
3.030303E+00    1.4700  5.787E-02
3.048780E+00    1.4770  5.580E-02
3.058104E+00    1.4800  4.867E-02
3.067485E+00    1.4790  3.662E-02
3.086420E+00    1.4690  2.358E-02
3.105590E+00    1.4580  2.125E-02
3.125000E+00    1.4620  1.616E-02
3.144654E+00    1.4540  5.756E-03
3.164557E+00    1.4460  4.281E-03
3.184713E+00    1.4410  3.295E-03
3.205128E+00    1.4370  2.806E-03
3.225806E+00    1.4340  2.310E-03
3.278689E+00    1.4280  1.305E-03
3.333333E+00    1.4230  9.284E-04
3.389831E+00    1.4190  6.744E-04
3.448276E+00    1.4170  5.488E-04
3.571429E+00    1.4120  5.684E-04
3.703704E+00    1.4090  5.895E-04
3.846154E+00    1.4060  6.121E-04
4.000000E+00    1.4040  6.366E-04
4.166667E+00    1.4010  6.631E-04
4.347826E+00    1.3980  6.920E-04
4.545455E+00    1.3940  1.266E-03
4.761905E+00    1.3900  1.705E-03
5.000000E+00    1.3850  3.183E-03
5.263158E+00    1.3810  1.256E-02
5.291005E+00    1.3830  1.389E-02
5.405405E+00    1.3870  6.452E-03
5.555556E+00    1.3800  2.874E-03
5.714286E+00    1.3730  2.728E-03
5.882353E+00    1.3620  3.043E-03
5.917160E+00    1.3580  2.825E-03
5.952381E+00    1.3520  2.842E-03
5.988024E+00    1.3390  4.289E-03
6.024096E+00    1.3250  2.301E-02
6.060606E+00    1.3420  6.270E-02
6.097561E+00    1.3660  4.852E-02
6.134969E+00    1.3690  4.247E-02
6.172840E+00    1.3710  4.224E-02
6.250000E+00    1.3780  4.178E-02
6.289308E+00    1.3850  4.254E-02
6.329114E+00    1.3920  3.425E-02
6.369427E+00    1.3910  2.382E-02
6.410256E+00    1.3870  1.938E-02
6.451613E+00    1.3820  1.694E-02
6.666667E+00    1.3740  2.122E-02
6.849315E+00    1.3690  1.254E-02
6.944444E+00    1.3620  1.824E-02
7.042254E+00    1.3620  2.073E-02
7.142857E+00    1.3700  2.558E-02
7.194245E+00    1.3710  1.889E-02
7.299270E+00    1.3660  1.336E-02
7.407407E+00    1.3610  1.002E-02
7.575758E+00    1.3510  7.837E-03
7.692308E+00    1.3430  6.121E-03
7.812500E+00    1.3350  4.974E-03
7.936508E+00    1.3220  4.421E-03
8.064516E+00    1.3130  7.701E-03
8.196721E+00    1.3010  1.109E-02
8.333333E+00    1.2890  1.194E-02
8.474576E+00    1.2700  1.281E-02
8.620690E+00    1.2440  1.509E-02
8.695652E+00    1.2250  1.384E-02
8.771930E+00    1.2040  1.955E-02
8.849558E+00    1.1750  1.831E-02
8.928571E+00    1.1290  2.487E-02
9.009009E+00    1.0820  5.520E-02
9.090909E+00    1.0280  7.234E-02
9.174312E+00    0.8820  7.301E-02
9.202172E+00    0.8050  1.346E-01
9.231053E+00    0.7440  1.963E-01
9.259259E+00    0.6540  2.579E-01
9.287638E+00    0.5780  4.198E-01
9.317060E+00    0.5520  5.818E-01
9.345794E+00    0.5260  7.437E-01
9.374707E+00    0.5350  9.963E-01
9.404684E+00    0.6050  1.249E+00
9.433962E+00    0.4760  1.501E+00
9.442871E+00    0.4190  2.005E+00
9.451796E+00    0.6810  2.508E+00
9.460738E+00    1.3730  3.011E+00
9.481369E+00    2.5720  2.235E+00
9.502993E+00    2.9280  1.459E+00
9.523810E+00    2.7930  6.821E-01
9.553836E+00    2.4580  5.057E-01
9.584971E+00    2.3390  3.294E-01
9.615385E+00    2.1910  1.530E-01
9.645992E+00    2.0480  1.226E-01
9.677732E+00    1.9670  9.222E-02
9.708738E+00    1.8970  6.181E-02
9.739944E+00    1.8380  5.369E-02
9.772305E+00    1.7960  4.557E-02
9.803922E+00    1.7600  3.745E-02
9.900990E+00    1.6820  2.364E-02
1.000000E+01    1.6280  1.592E-02
1.010101E+01    1.5900  1.527E-02
1.020408E+01    1.5630  1.137E-02
1.030928E+01    1.5400  9.024E-03
1.041667E+01    1.5220  7.875E-03
1.052632E+01    1.5060  7.120E-03
1.063830E+01    1.4930  6.349E-03
1.075269E+01    1.4810  5.990E-03
1.086957E+01    1.4710  6.055E-03
1.098901E+01    1.4620  6.121E-03
1.111111E+01    1.4540  6.189E-03
1.123596E+01    1.4460  6.259E-03
1.136364E+01    1.4390  6.782E-03
1.149425E+01    1.4330  6.860E-03
1.162791E+01    1.4270  6.940E-03
1.190476E+01    1.4160  7.579E-03
1.219512E+01    1.4050  8.249E-03
1.250000E+01    1.3950  1.094E-02
1.282051E+01    1.3870  9.182E-03
1.315789E+01    1.3750  7.330E-03
1.351351E+01    1.3610  8.603E-03
1.388889E+01    1.3500  1.216E-02
1.428571E+01    1.3370  1.478E-02
1.470588E+01    1.3250  1.755E-02
1.515152E+01    1.3100  1.567E-02
1.562500E+01    1.2860  1.741E-02
1.612903E+01    1.2570  2.567E-02
1.666667E+01    1.2290  4.642E-02
1.724138E+01    1.2040  6.860E-02
1.785714E+01    1.1700  1.023E-01
1.851852E+01    1.1640  1.916E-01
1.886792E+01    1.2540  2.252E-01
1.898614E+01    1.2770  1.935E-01
1.910950E+01    1.2840  1.618E-01
1.923077E+01    1.2760  1.301E-01
1.935359E+01    1.2620  1.143E-01
1.948178E+01    1.2480  9.849E-02
1.960784E+01    1.2270  8.270E-02
2.000000E+01    1.1720  8.276E-02
2.040816E+01    1.1270  9.095E-02
2.083333E+01    1.0830  1.028E-01
2.127660E+01    1.0360  1.185E-01
2.173913E+01    0.9760  1.332E-01
2.222222E+01    0.9000  1.662E-01
2.272727E+01    0.8030  2.170E-01
2.325581E+01    0.7150  3.331E-01
2.380952E+01    0.6290  4.358E-01
2.439024E+01    0.5200  6.017E-01
2.500000E+01    0.4250  8.555E-01
2.520797E+01    0.3980  9.716E-01
2.542588E+01    0.3850  1.088E+00
2.564103E+01    0.3530  1.204E+00
2.585984E+01    0.3390  1.403E+00
2.608923E+01    0.3770  1.602E+00
2.631579E+01    0.4310  1.801E+00
2.654632E+01    0.5290  2.061E+00
2.678811E+01    0.7030  2.321E+00
2.702703E+01    0.9580  2.581E+00
2.719608E+01    1.1900  2.744E+00
2.737476E+01    1.4770  2.906E+00
2.754821E+01    1.9170  3.069E+00
2.762431E+01    2.1490  3.004E+00
2.770083E+01    2.3310  2.939E+00
2.777778E+01    2.5160  2.874E+00
2.803476E+01    2.9500  2.446E+00
2.830456E+01    3.1770  2.019E+00
2.857143E+01    3.2400  1.592E+00
2.884338E+01    3.2260  1.318E+00
2.912904E+01    3.2070  1.045E+00
2.941176E+01    3.1070  7.724E-01
3.030303E+01    2.8180  4.099E-01
3.125000E+01    2.5800  2.114E-01
3.225806E+01    2.3850  1.155E-01
3.333333E+01    2.2420  7.958E-02
3.448276E+01    2.1380  5.488E-02
3.571429E+01    2.0520  4.547E-02
3.703704E+01    1.9790  5.010E-02
3.846154E+01    1.9350  8.570E-02
3.861004E+01    1.9330  9.223E-02
3.875969E+01    1.9340  9.875E-02
3.891051E+01    1.9410  1.053E-01
3.926188E+01    1.9510  9.565E-02
3.963535E+01    1.9510  8.602E-02
4.000000E+01    1.9450  7.639E-02
4.053506E+01    1.9350  7.082E-02
4.110152E+01    1.9270  6.525E-02
4.166667E+01    1.9180  5.968E-02
4.347826E+01    1.8890  4.844E-02
4.545455E+01    1.8620  4.341E-02
4.761905E+01    1.8380  4.168E-02
5.000000E+01    1.8160  3.979E-02
5.263158E+01    1.7830  3.769E-02
5.356186E+01    1.7710  5.313E-02
5.455537E+01    1.7700  6.856E-02
5.555556E+01    1.7830  8.400E-02
5.659310E+01    1.7960  7.004E-02
5.770340E+01    1.7940  5.609E-02
5.882353E+01    1.7830  4.213E-02
6.250000E+01    1.7390  3.979E-02
6.666667E+01    1.6280  4.244E-02
6.816633E+01    1.5810  1.590E-01
6.978367E+01    1.6120  2.756E-01
7.142857E+01    1.7210  3.922E-01
7.194245E+01    1.8000  4.294E-01
7.352941E+01    1.9560  3.107E-01
7.518797E+01    2.0010  1.921E-01
7.692308E+01    1.9680  7.346E-02
7.892660E+01    1.9110  5.892E-02
8.110300E+01    1.8880  4.438E-02
8.333333E+01    1.8670  2.984E-02
9.090909E+01    1.8190  1.157E-02
1.000000E+02    1.7730  7.958E-03
1.111111E+02    1.6760  8.842E-03
1.153403E+02    1.6350  9.874E-02
1.200480E+02    1.6530  1.886E-01
1.250000E+02    1.7090  2.785E-01
1.265823E+02    1.7750  3.526E-01
1.315789E+02    1.9350  2.464E-01
1.369863E+02    1.9760  1.403E-01
1.428571E+02    1.9420  3.410E-02
1.666667E+02    1.8530  1.857E-02
2.000000E+02    1.8290  1.592E-02

