0.30000 1.0000000e-26
0.30150 1.6185567e-26
0.30301 2.2402062e-26
0.30452 2.8649639e-26
0.30605 3.4928454e-26
0.30758 4.1238664e-26
0.30911 4.7580424e-26
0.31066 5.3953893e-26
0.31221 6.0359230e-26
0.31377 6.6796593e-26
0.31534 7.3266143e-26
0.31692 7.9768040e-26
0.31850 8.6302448e-26
0.32010 9.2869527e-26
0.32170 9.9469442e-26
0.32330 1.0610236e-25
0.32492 1.1276843e-25
0.32655 1.1946784e-25
0.32818 1.2620075e-25
0.32982 1.3296732e-25
0.33147 1.3976772e-25
0.33313 1.4660213e-25
0.33479 1.5347071e-25
0.33647 1.6037363e-25
0.33815 1.6731106e-25
0.33984 1.7428319e-25
0.34154 1.8129017e-25
0.34325 1.8833219e-25
0.34496 1.9540941e-25
0.34669 2.0252203e-25
0.34842 2.0967021e-25
0.35016 2.1685412e-25
0.35191 2.2407396e-25
0.35367 2.3132990e-25
0.35544 2.3862211e-25
0.35722 2.4595079e-25
0.35900 2.5331611e-25
0.36080 2.6071826e-25
0.36260 2.6815742e-25
0.36442 2.7563377e-25
0.36624 2.8314751e-25
0.36807 2.9069881e-25
0.36991 2.9828787e-25
0.37176 3.0591488e-25
0.37362 3.1358002e-25
0.37549 3.2128349e-25
0.37736 3.2902547e-25
0.37925 3.3680617e-25
0.38115 3.4462577e-25
0.38305 3.5248446e-25
0.38497 3.6038245e-25
0.38689 3.6831993e-25
0.38883 3.7629710e-25
0.39077 3.8431415e-25
0.39273 3.9237129e-25
0.39469 4.0046871e-25
0.39666 4.0860662e-25
0.39865 4.1678522e-25
0.40064 4.2500471e-25
0.40264 4.3326531e-25
0.40466 4.4156720e-25
0.40668 4.4991060e-25
0.40871 4.5829572e-25
0.41076 4.6672277e-25
0.41281 4.7519195e-25
0.41487 4.8370348e-25
0.41695 4.9225756e-25
0.41903 5.0085441e-25
0.42113 5.0949425e-25
0.42323 5.1817729e-25
0.42535 5.2690375e-25
0.42748 5.3567383e-25
0.42961 5.4448777e-25
0.43176 5.5334577e-25
0.43392 5.6224807e-25
0.43609 5.7119488e-25
0.43827 5.8018642e-25
0.44046 5.8922292e-25
0.44266 5.9830460e-25
0.44488 6.0743169e-25
0.44710 6.1660441e-25
0.44934 6.2582300e-25
0.45158 6.3508768e-25
0.45384 6.4439869e-25
0.45611 6.5375625e-25
0.45839 6.6316060e-25
0.46068 6.7261197e-25
0.46299 6.8211060e-25
0.46530 6.9165672e-25
0.46763 7.0125057e-25
0.46997 7.1089239e-25
0.47232 7.2058242e-25
0.47468 7.3032089e-25
0.47705 7.4010807e-25
0.47944 7.4994417e-25
0.48183 7.5982946e-25
0.48424 7.6976418e-25
0.48666 7.7974856e-25
0.48910 7.8978287e-25
0.49154 7.9986735e-25
0.49400 8.1000226e-25
0.49647 8.2018784e-25
0.49895 8.3042434e-25
0.50145 8.4071203e-25
0.50395 8.5105116e-25
0.50647 8.6144198e-25
0.50901 8.7188476e-25
0.51155 8.8237975e-25
0.51411 8.9292721e-25
0.51668 9.0352742e-25
0.51926 9.1418062e-25
0.52186 9.2488709e-25
0.52447 9.3564709e-25
0.52709 9.4646090e-25
0.52973 9.5732877e-25
0.53238 9.6825098e-25
0.53504 9.7922780e-25
0.53771 9.9025951e-25
0.54040 1.0013464e-24
0.54310 1.0124887e-24
0.54582 1.0236867e-24
0.54855 1.0349407e-24
0.55129 1.0462510e-24
0.55405 1.0576178e-24
0.55682 1.0690414e-24
0.55960 1.0805222e-24
0.56240 1.0920604e-24
0.56521 1.1036563e-24
0.56804 1.1153101e-24
0.57088 1.1270222e-24
0.57373 1.1387929e-24
0.57660 1.1506224e-24
0.57948 1.1625111e-24
0.58238 1.1744592e-24
0.58529 1.1864671e-24
0.58822 1.1985350e-24
0.59116 1.2106632e-24
0.59412 1.2228521e-24
0.59709 1.2351019e-24
0.60007 1.2474130e-24
0.60307 1.2597857e-24
0.60609 1.2722202e-24
0.60912 1.2847168e-24
0.61216 1.2972760e-24
0.61523 1.3098979e-24
0.61830 1.3225830e-24
0.62139 1.3353315e-24
0.62450 1.3481437e-24
0.62762 1.3610200e-24
0.63076 1.3739606e-24
0.63391 1.3869660e-24
0.63708 1.4000364e-24
0.64027 1.4131721e-24
0.64347 1.4263736e-24
0.64669 1.4396410e-24
0.64992 1.4529748e-24
0.65317 1.4663752e-24
0.65644 1.4798427e-24
0.65972 1.4933774e-24
0.66302 1.5069799e-24
0.66633 1.5206504e-24
0.66966 1.5343892e-24
0.67301 1.5481967e-24
0.67638 1.5620732e-24
0.67976 1.5760192e-24
0.68316 1.5900348e-24
0.68657 1.6041206e-24
0.69001 1.6182768e-24
0.69346 1.6325037e-24
0.69692 1.6468018e-24
0.70041 1.6611714e-24
0.70391 1.6756128e-24
0.70743 1.6901264e-24
0.71097 1.7047126e-24
0.71452 1.7193718e-24
0.71810 1.7341042e-24
0.72169 1.7489103e-24
0.72529 1.7637904e-24
0.72892 1.7787449e-24
0.73257 1.7937742e-24
0.73623 1.8088786e-24
0.73991 1.8240586e-24
0.74361 1.8393145e-24
0.74733 1.8546466e-24
0.75106 1.8700554e-24
0.75482 1.8855412e-24
0.75859 1.9011045e-24
0.76239 1.9167456e-24
0.76620 1.9324649e-24
0.77003 1.9482628e-24
0.77388 1.9641397e-24
0.77775 1.9800959e-24
0.78164 1.9961320e-24
0.78555 2.0122482e-24
0.78947 2.0284450e-24
0.79342 2.0447228e-24
0.79739 2.0610820e-24
0.80137 2.0775230e-24
0.80538 2.0940461e-24
0.80941 2.1106519e-24
0.81346 2.1273408e-24
0.81752 2.1441130e-24
0.82161 2.1609692e-24
0.82572 2.1779096e-24
0.82985 2.1949347e-24
0.83400 2.2120449e-24
0.83817 2.2292407e-24
0.84236 2.2465225e-24
0.84657 2.2638907e-24
0.85080 2.2813457e-24
0.85506 2.2988880e-24
0.85933 2.3165180e-24
0.86363 2.3342362e-24
0.86795 2.3520429e-24
0.87229 2.3699387e-24
0.87665 2.3879240e-24
0.88103 2.4059991e-24
0.88543 2.4241647e-24
0.88986 2.4424211e-24
0.89431 2.4607688e-24
0.89878 2.4792082e-24
0.90328 2.4977398e-24
0.90779 2.5163641e-24
0.91233 2.5350814e-24
0.91689 2.5538924e-24
0.92148 2.5727974e-24
0.92609 2.5917970e-24
0.93072 2.6108915e-24
0.93537 2.6300816e-24
0.94005 2.6493675e-24
0.94475 2.6687500e-24
0.94947 2.6882293e-24
0.95422 2.7078060e-24
0.95899 2.7274806e-24
0.96378 2.7472535e-24
0.96860 2.7671254e-24
0.97345 2.7870966e-24
0.97831 2.8071676e-24
0.98320 2.8273390e-24
0.98812 2.8476113e-24
0.99306 2.8679849e-24
0.99803 2.8884604e-24
1.00302 2.9090383e-24
1.00803 2.9297190e-24
1.01307 2.9505032e-24
1.01814 2.9713913e-24
1.02323 2.9923838e-24
1.02834 3.0134813e-24
1.03349 3.0346843e-24
1.03865 3.0559933e-24
1.04385 3.0774088e-24
1.04907 3.0989314e-24
1.05431 3.1205616e-24
1.05958 3.1423000e-24
1.06488 3.1641471e-24
1.07021 3.1861034e-24
1.07556 3.2081695e-24
1.08093 3.2303459e-24
1.08634 3.2526332e-24
1.09177 3.2750319e-24
1.09723 3.2975426e-24
1.10272 3.3201659e-24
1.10823 3.3429023e-24
1.11377 3.3657524e-24
1.11934 3.3887167e-24
1.12494 3.4117959e-24
1.13056 3.4349904e-24
1.13621 3.4583009e-24
1.14189 3.4817280e-24
1.14760 3.5052722e-24
1.15334 3.5289341e-24
1.15911 3.5527144e-24
1.16490 3.5766135e-24
1.17073 3.6006321e-24
1.17658 3.6247709e-24
1.18246 3.6490303e-24
1.18838 3.6734110e-24
1.19432 3.6979136e-24
1.20029 3.7225388e-24
1.20629 3.7472870e-24
1.21232 3.7721590e-24
1.21839 3.7971554e-24
1.22448 3.8222767e-24
1.23060 3.8475237e-24
1.23675 3.8728969e-24
1.24294 3.8983969e-24
1.24915 3.9240245e-24
1.25540 3.9497802e-24
1.26167 3.9756646e-24
1.26798 4.0016785e-24
1.27432 4.0278225e-24
1.28069 4.0540972e-24
1.28710 4.0805032e-24
1.29353 4.1070413e-24
1.30000 4.1337121e-24
1.30650 4.1605162e-24
1.31303 4.1874543e-24
1.31960 4.2145272e-24
1.32620 4.2417354e-24
1.33283 4.2690796e-24
1.33949 4.2965606e-24
1.34619 4.3241790e-24
1.35292 4.3519354e-24
1.35968 4.3798307e-24
1.36648 4.4078654e-24
1.37331 4.4360403e-24
1.38018 4.4643561e-24
1.38708 4.4928134e-24
1.39402 4.5214130e-24
1.40099 4.5501557e-24
1.40799 4.5790420e-24
1.41503 4.6080728e-24
1.42211 4.6372487e-24
1.42922 4.6665705e-24
1.43636 4.6960389e-24
1.44355 4.7256547e-24
1.45076 4.7554186e-24
1.45802 4.7853312e-24
1.46531 4.8153934e-24
1.47263 4.8456060e-24
1.48000 4.8759696e-24
1.48740 4.9064850e-24
1.49483 4.9371530e-24
1.50231 4.9679743e-24
1.50982 4.9989497e-24
1.51737 5.0300801e-24
1.52496 5.0613660e-24
1.53258 5.0928084e-24
1.54024 5.1244080e-24
1.54795 5.1561656e-24
1.55568 5.1880820e-24
1.56346 5.2201580e-24
1.57128 5.2523944e-24
1.57914 5.2847919e-24
1.58703 5.3173514e-24
1.59497 5.3500738e-24
1.60294 5.3829597e-24
1.61096 5.4160101e-24
1.61901 5.4492257e-24
1.62711 5.4826074e-24
1.63524 5.5161560e-24
1.64342 5.5498723e-24
1.65164 5.5837573e-24
1.65989 5.6178116e-24
1.66819 5.6520362e-24
1.67653 5.6864320e-24
1.68492 5.7209997e-24
1.69334 5.7557403e-24
1.70181 5.7906545e-24
1.71032 5.8257434e-24
1.71887 5.8610077e-24
1.72746 5.8964483e-24
1.73610 5.9320661e-24
1.74478 5.9678620e-24
1.75351 6.0038368e-24
1.76227 6.0399916e-24
1.77108 6.0763271e-24
1.77994 6.1128443e-24
1.78884 6.1495441e-24
1.79778 6.1864274e-24
1.80677 6.2234951e-24
1.81581 6.2607482e-24
1.82489 6.2981875e-24
1.83401 6.3358140e-24
1.84318 6.3736286e-24
1.85240 6.4116323e-24
1.86166 6.4498260e-24
1.87097 6.4882107e-24
1.88032 6.5267874e-24
1.88972 6.5655569e-24
1.89917 6.6045202e-24
1.90867 6.6436784e-24
1.91821 6.6830323e-24
1.92780 6.7225831e-24
1.93744 6.7623315e-24
1.94713 6.8022788e-24
1.95686 6.8424257e-24
1.96665 6.8827734e-24
1.97648 6.9233229e-24
1.98636 6.9640750e-24
1.99630 7.0050310e-24
2.00628 7.0461917e-24
2.01631 7.0875582e-24
2.02639 7.1291316e-24
2.03652 7.1709128e-24
2.04670 7.2129029e-24
2.05694 7.2551030e-24
2.06722 7.2975141e-24
2.07756 7.3401373e-24
2.08795 7.3829735e-24
2.09839 7.4260239e-24
2.10888 7.4692896e-24
2.11942 7.5127716e-24
2.13002 7.5564711e-24
2.14067 7.6003890e-24
2.15137 7.6445265e-24
2.16213 7.6888847e-24
2.17294 7.7334647e-24
2.18380 7.7782676e-24
2.19472 7.8232945e-24
2.20570 7.8685465e-24
2.21673 7.9140248e-24
2.22781 7.9597305e-24
2.23895 8.0056647e-24
2.25014 8.0518286e-24
2.26139 8.0982233e-24
2.27270 8.1448500e-24
2.28406 8.1917098e-24
2.29548 8.2388040e-24
2.30696 8.2861335e-24
2.31850 8.3336998e-24
2.33009 8.3815038e-24
2.34174 8.4295469e-24
2.35345 8.4778302e-24
2.36522 8.5263549e-24
2.37704 8.5751223e-24
2.38893 8.6241335e-24
2.40087 8.6733897e-24
2.41288 8.7228922e-24
2.42494 8.7726422e-24
2.43707 8.8226410e-24
2.44925 8.8728898e-24
2.46150 8.9233898e-24
2.47380 8.9741423e-24
2.48617 9.0251486e-24
2.49860 9.0764099e-24
2.51110 9.1279275e-24
2.52365 9.1797027e-24
2.53627 9.2317368e-24
2.54895 9.2840311e-24
2.56170 9.3365868e-24
2.57451 9.3894053e-24
2.58738 9.4424879e-24
2.60032 9.4958359e-24
2.61332 9.5494506e-24
2.62638 9.6033335e-24
2.63952 9.6574857e-24
2.65271 9.7119087e-24
2.66598 9.7666038e-24
2.67931 9.8215724e-24
2.69270 9.8768158e-24
2.70617 9.9323355e-24
2.71970 9.9881327e-24
2.73330 1.0044209e-23
2.74696 1.0100566e-23
2.76070 1.0157204e-23
2.77450 1.0214126e-23
2.78837 1.0271332e-23
2.80231 1.0328824e-23
2.81633 1.0386604e-23
2.83041 1.0444672e-23
2.84456 1.0503031e-23
2.85878 1.0561682e-23
2.87308 1.0620626e-23
2.88744 1.0679865e-23
2.90188 1.0739399e-23
2.91639 1.0799232e-23
2.93097 1.0859364e-23
2.94563 1.0919796e-23
2.96035 1.0980531e-23
2.97516 1.1041569e-23
2.99003 1.1102912e-23
3.00498 1.1164562e-23
3.02001 1.1226521e-23
3.03511 1.1288789e-23
3.05028 1.1351368e-23
3.06553 1.1414261e-23
3.08086 1.1477468e-23
3.09627 1.1540991e-23
3.11175 1.1604831e-23
3.12731 1.1668991e-23
3.14294 1.1733471e-23
3.15866 1.1798274e-23
3.17445 1.1863401e-23
3.19032 1.1928854e-23
3.20627 1.1994634e-23
3.22231 1.2060742e-23
3.23842 1.2127182e-23
3.25461 1.2193953e-23
3.27088 1.2261059e-23
3.28724 1.2328499e-23
3.30367 1.2396277e-23
3.32019 1.2464394e-23
3.33679 1.2532852e-23
3.35348 1.2601652e-23
3.37024 1.2670796e-23
3.38709 1.2740285e-23
3.40403 1.2810122e-23
3.42105 1.2880308e-23
3.43816 1.2950845e-23
3.45535 1.3021735e-23
3.47262 1.3092979e-23
3.48999 1.3164580e-23
3.50744 1.3236538e-23
3.52497 1.3308857e-23
3.54260 1.3381536e-23
3.56031 1.3454580e-23
3.57811 1.3527988e-23
3.59600 1.3601764e-23
3.61398 1.3675908e-23
3.63205 1.3750423e-23
3.65021 1.3825311e-23
3.66846 1.3900573e-23
3.68681 1.3976211e-23
3.70524 1.4052228e-23
3.72377 1.4128625e-23
3.74239 1.4205403e-23
3.76110 1.4282566e-23
3.77990 1.4360114e-23
3.79880 1.4438051e-23
3.81780 1.4516376e-23
3.83689 1.4595094e-23
3.85607 1.4674205e-23
3.87535 1.4753711e-23
3.89473 1.4833616e-23
3.91420 1.4913919e-23
3.93377 1.4994624e-23
3.95344 1.5075733e-23
3.97321 1.5157247e-23
3.99307 1.5239169e-23
4.01304 1.5321501e-23
4.03310 1.5404244e-23
4.05327 1.5487400e-23
4.07354 1.5570973e-23
4.09390 1.5654963e-23
4.11437 1.5739374e-23
4.13495 1.5824206e-23
4.15562 1.5909463e-23
4.17640 1.5995146e-23
4.19728 1.6081257e-23
4.21827 1.6167799e-23
4.23936 1.6254773e-23
4.26055 1.6342183e-23
4.28186 1.6430029e-23
4.30327 1.6518315e-23
4.32478 1.6607042e-23
4.34641 1.6696213e-23
4.36814 1.6785830e-23
4.38998 1.6875894e-23
4.41193 1.6966409e-23
4.43399 1.7057377e-23
4.45616 1.7148799e-23
4.47844 1.7240679e-23
4.50083 1.7333018e-23
4.52334 1.7425819e-23
4.54595 1.7519083e-23
4.56868 1.7612814e-23
4.59153 1.7707014e-23
4.61448 1.7801685e-23
4.63756 1.7896829e-23
4.66074 1.7992448e-23
4.68405 1.8088546e-23
4.70747 1.8185124e-23
4.73100 1.8282186e-23
4.75466 1.8379732e-23
4.77843 1.8477766e-23
4.80233 1.8576291e-23
4.82634 1.8675308e-23
4.85047 1.8774820e-23
4.87472 1.8874829e-23
4.89909 1.8975339e-23
4.92359 1.9076351e-23
4.94821 1.9177869e-23
4.97295 1.9279894e-23
4.99781 1.9382429e-23
5.02280 1.9485476e-23
5.04792 1.9589039e-23
5.07316 1.9693120e-23
5.09852 1.9797721e-23
5.12402 1.9902845e-23
5.14964 2.0008495e-23
5.17538 2.0114673e-23
5.20126 2.0221382e-23
5.22727 2.0328625e-23
5.25340 2.0436403e-23
5.27967 2.0544721e-23
5.30607 2.0653580e-23
5.33260 2.0762984e-23
5.35926 2.0872934e-23
5.38606 2.0983434e-23
5.41299 2.1094487e-23
5.44005 2.1206095e-23
5.46725 2.1318261e-23
5.49459 2.1430988e-23
5.52206 2.1544278e-23
5.54967 2.1658135e-23
5.57742 2.1772562e-23
5.60531 2.1887560e-23
5.63333 2.2003133e-23
5.66150 2.2119285e-23
5.68981 2.2236017e-23
5.71826 2.2353332e-23
5.74685 2.2471235e-23
5.77558 2.2589726e-23
5.80446 2.2708810e-23
5.83348 2.2828490e-23
5.86265 2.2948768e-23
5.89196 2.3069648e-23
5.92142 2.3191131e-23
5.95103 2.3313223e-23
5.98079 2.3435924e-23
6.01069 2.3559239e-23
6.04074 2.3683171e-23
6.07095 2.3807723e-23
6.10130 2.3932897e-23
6.13181 2.4058697e-23
6.16247 2.4185126e-23
6.19328 2.4312187e-23
6.22425 2.4439884e-23
6.25537 2.4568219e-23
6.28664 2.4697195e-23
6.31808 2.4826817e-23
6.34967 2.4957086e-23
6.38142 2.5088007e-23
6.41332 2.5219583e-23
6.44539 2.5351817e-23
6.47762 2.5484711e-23
6.51001 2.5618270e-23
6.54256 2.5752497e-23
6.57527 2.5887395e-23
6.60814 2.6022968e-23
6.64119 2.6159218e-23
6.67439 2.6296150e-23
6.70776 2.6433766e-23
6.74130 2.6572071e-23
6.77501 2.6711067e-23
6.80888 2.6850757e-23
6.84293 2.6991147e-23
6.87714 2.7132238e-23
6.91153 2.7274035e-23
6.94609 2.7416541e-23
6.98082 2.7559759e-23
7.01572 2.7703693e-23
7.05080 2.7848347e-23
7.08605 2.7993725e-23
7.12148 2.8139829e-23
7.15709 2.8286663e-23
7.19288 2.8434232e-23
7.22884 2.8582539e-23
7.26498 2.8731587e-23
7.30131 2.8881381e-23
7.33782 2.9031923e-23
7.37451 2.9183218e-23
7.41138 2.9335270e-23
7.44843 2.9488082e-23
7.48568 2.9641658e-23
7.52311 2.9796002e-23
7.56072 2.9951117e-23
7.59852 3.0107009e-23
7.63652 3.0263679e-23
7.67470 3.0421133e-23
7.71307 3.0579374e-23
7.75164 3.0738407e-23
7.79040 3.0898234e-23
7.82935 3.1058861e-23
7.86850 3.1220291e-23
7.90784 3.1382528e-23
7.94738 3.1545576e-23
7.98711 3.1709440e-23
8.02705 3.1874122e-23
8.06718 3.2039629e-23
8.10752 3.2205962e-23
8.14806 3.2373128e-23
8.18880 3.2541129e-23
8.22974 3.2709970e-23
8.27089 3.2879656e-23
8.31225 3.3050189e-23
8.35381 3.3221576e-23
8.39558 3.3393819e-23
8.43755 3.3566924e-23
8.47974 3.3740894e-23
8.52214 3.3915734e-23
8.56475 3.4091449e-23
8.60758 3.4268041e-23
8.65061 3.4445517e-23
8.69387 3.4623880e-23
8.73734 3.4803135e-23
8.78102 3.4983286e-23
8.82493 3.5164338e-23
8.86905 3.5346296e-23
8.91340 3.5529163e-23
8.95796 3.5712944e-23
9.00275 3.5897644e-23
9.04777 3.6083268e-23
9.09301 3.6269820e-23
9.13847 3.6457305e-23
9.18416 3.6645727e-23
9.23008 3.6835091e-23
9.27624 3.7025402e-23
9.32262 3.7216665e-23
9.36923 3.7408884e-23
9.41608 3.7602064e-23
9.46316 3.7796209e-23
9.51047 3.7991326e-23
9.55802 3.8187418e-23
9.60581 3.8384491e-23
9.65384 3.8582549e-23
9.70211 3.8781597e-23
9.75062 3.8981641e-23
9.79938 3.9182685e-23
9.84837 3.9384734e-23
9.89761 3.9587793e-23
9.94710 3.9791867e-23
9.99684 3.9996962e-23
10.04682 4.0203083e-23
10.09706 4.0410234e-23
10.14754 4.0618420e-23
10.19828 4.0827648e-23
10.24927 4.1037922e-23
10.30052 4.1249247e-23
10.35202 4.1461629e-23
10.40378 4.1675073e-23
10.45580 4.1889583e-23
10.50808 4.2105167e-23
10.56062 4.2321828e-23
10.61342 4.2539573e-23
10.66649 4.2758406e-23
10.71982 4.2978334e-23
10.77342 4.3199361e-23
10.82729 4.3421494e-23
10.88142 4.3644737e-23
10.93583 4.3869096e-23
10.99051 4.4094577e-23
11.04546 4.4321185e-23
11.10069 4.4548927e-23
11.15619 4.4777807e-23
11.21197 4.5007832e-23
11.26803 4.5239007e-23
11.32437 4.5471337e-23
11.38100 4.5704829e-23
11.43790 4.5939489e-23
11.49509 4.6175322e-23
11.55257 4.6412334e-23
11.61033 4.6650531e-23
11.66838 4.6889920e-23
11.72672 4.7130505e-23
11.78536 4.7372293e-23
11.84428 4.7615290e-23
11.90350 4.7859502e-23
11.96302 4.8104935e-23
12.02284 4.8351595e-23
12.08295 4.8599489e-23
12.14337 4.8848622e-23
12.20408 4.9099001e-23
12.26510 4.9350631e-23
12.32643 4.9603520e-23
12.38806 4.9857673e-23
12.45000 5.0113097e-23
12.51225 5.0369798e-23
12.57481 5.0627783e-23
12.63769 5.0887057e-23
12.70087 5.1147628e-23
12.76438 5.1409502e-23
12.82820 5.1672685e-23
12.89234 5.1937184e-23
12.95680 5.2203005e-23
13.02159 5.2470156e-23
13.08670 5.2738642e-23
13.15213 5.3008471e-23
13.21789 5.3279649e-23
13.28398 5.3552183e-23
13.35040 5.3826079e-23
13.41715 5.4101345e-23
13.48424 5.4377987e-23
13.55166 5.4656013e-23
13.61942 5.4935428e-23
13.68751 5.5216241e-23
13.75595 5.5498458e-23
13.82473 5.5782086e-23
13.89385 5.6067132e-23
13.96332 5.6353603e-23
14.03314 5.6641507e-23
14.10331 5.6930850e-23
14.17382 5.7221640e-23
14.24469 5.7513883e-23
14.31592 5.7807588e-23
14.38749 5.8102762e-23
14.45943 5.8399411e-23
14.53173 5.8697544e-23
14.60439 5.8997167e-23
14.67741 5.9298288e-23
14.75080 5.9600915e-23
14.82455 5.9905056e-23
14.89867 6.0210716e-23
14.97317 6.0517906e-23
15.04803 6.0826631e-23
15.12327 6.1136899e-23
15.19889 6.1448720e-23
15.27488 6.1762099e-23
15.35126 6.2077045e-23
15.42801 6.2393566e-23
15.50515 6.2711669e-23
15.58268 6.3031363e-23
15.66059 6.3352655e-23
15.73890 6.3675554e-23
15.81759 6.4000067e-23
15.89668 6.4326203e-23
15.97616 6.4653970e-23
16.05604 6.4983375e-23
16.13632 6.5314428e-23
16.21701 6.5647135e-23
16.29809 6.5981507e-23
16.37958 6.6317550e-23
16.46148 6.6655273e-23
16.54379 6.6994685e-23
16.62651 6.7335794e-23
16.70964 6.7678609e-23
16.79319 6.8023137e-23
16.87715 6.8369388e-23
16.96154 6.8717371e-23
17.04635 6.9067093e-23
17.13158 6.9418564e-23
17.21723 6.9771793e-23
17.30332 7.0126787e-23
17.38984 7.0483557e-23
17.47679 7.0842110e-23
17.56417 7.1202456e-23
17.65199 7.1564604e-23
17.74025 7.1928563e-23
17.82895 7.2294341e-23
17.91810 7.2661948e-23
18.00769 7.3031394e-23
18.09773 7.3402686e-23
18.18822 7.3775835e-23
18.27916 7.4150850e-23
18.37055 7.4527740e-23
18.46240 7.4906514e-23
18.55472 7.5287182e-23
18.64749 7.5669754e-23
18.74073 7.6054238e-23
18.83443 7.6440645e-23
18.92860 7.6828984e-23
19.02325 7.7219264e-23
19.11836 7.7611496e-23
19.21395 7.8005689e-23
19.31002 7.8401853e-23
19.40657 7.8799998e-23
19.50361 7.9200133e-23
19.60113 7.9602270e-23
19.69913 8.0006417e-23
19.79763 8.0412584e-23
19.89661 8.0820783e-23
19.99610 8.1231022e-23
20.09608 8.1643313e-23
20.19656 8.2057665e-23
20.29754 8.2474089e-23
